697
424
542
854
615
46
138
749
940
298
796
500
872
321
263
987
740
290
507
541
6
277
214
5
715
19
206
479
589
770
69
9
820
100
681
429
385
227
136
802
313
543
223
589
573
343
511
41
382
270
380
669
548
546
894
379
436
397
754
115
455
882
30
771
732
372
292
761
261
474
994
878
569
391
968
62
188
347
840
53
86
735
545
945
216
832
763
58
326
185
729
397
263
79
780
182
18
101
15
455
146
691
827
358
988
884
457
194
659
267
205
618
977
284
105
654
481
481
936
980
594
648
430
762
413
790
89
772
859
525
650
537
948
357
311
910
769
177
897
979
417
515
881
662
626
758
430
280
541
705
900
879
316
656
754
905
438
231
842
497
892
443
448
690
829
44
986
372
83
231
17
305
353
93
60
350
458
232
629
802
340
357
348
532
440
461
678
992
326
40
365
619
919
567
913
664
493
153
229
899
15
654
658
636
170
628
988
284
629
161
451
975
894
453
243
876
331
418
286
817
439
168
70
565
979
919
437
686
866
771
173
358
993
267
472
429
824
527
99
595
870
156
395
856
449
351
544
650
916
314
38
326
980
432
882
228
818
792
298
423
380
457
438
247
658
823
177
14
166
656
861
892
217
231
425
956
149
318
993
512
172
672
181
226
870
198
711
391
734
266
270
913
285
20
376
168
134
780
994
934
265
507
984
540
317
559
973
332
242
166
604
456
893
548
854
922
153
648
447
518
72
641
325
360
448
34
606
336
208
50
43
950
353
828
798
106
57
992
475
745
405
449
339
718
760
848
708
436
655
419
844
883
905
386
615
98
366
119
825
822
546
656
166
15
227
866
336
795
632
512
308
247
754
697
122
685
419
870
260
327
267
856
697
311
94
186
736
1000
131
424
748
392
688
483
542
896
518
180
346
597
458
251
277
502
794
474
886
400
260
24
486
555
210
802
861
108
711
545
733
23
261
983
849
663
598
46
201
649
55
258
877
603
139
570
646
647
927
445
935
528
439
556
76
893
375
737
477
27
580
234
785
319
130
582
670
382
750
766
652
602
767
382
267
170
463
579
962
529
948
43
828
712
720
715
473
472
298
829
498
359
716
716
63
8
524
116
228
641
566
804
970
355
451
109
778
255
447
269
861
951
41
649
250
577
418
90
490
440
277
110
127
131
349
191
110
137
272
404
704
186
348
571
324
477
588
430
988
933
691
539
269
865
502
704
287
703
803
291
426
850
126
950
418
746
677
78
660
756
272
143
83
343
406
910
980
969
109
83
155
273
412
206
44
71
516
628
730
743
908
60
17
536
103
315
412
810
306
983
619
517
82
816
46
482
52
713
130
242
664
935
944
778
994
619
680
753
949
886
65
700
746
848
937
929
732
615
348
907
819
364
601
390
914
941
238
768
122
726
400
106
191
739
407
467
573
283
918
650
286
449
239
139
809
377
140
485
670
240
417
364
574
614
201
678
4
786
302
726
181
3
531
660
193
610
335
666
245
599
296
761
667
568
580
384
981
211
85
422
538
893
350
918
726
326
249
87
424
23
384
249
817
883
982
751
455
351
801
837
531
136
363
351
250
912
368
416
98
843
542
445
548
304
844
142
70
542
807
930
992
833
921
360
685
530
704
961
645
612
348
334
250
458
944
975
635
867
785
494
356
508
802
322
593
973
106
102
935
738
825
413
154
193
87
497
350
60
457
768
196
970
453
367
786
716
328
101
33
491
799
125
357
564
605
437
776
469
584
948
270
754
468
547
41
461
345
262
970
618
604
920
408
629
542
777
494
528
686
93
433
492
460
149
160
765
409
629
888
183
578
747
423
955
85
354
907
403
781
145
439
9
425
322
605
457
350
58
897
521
987
393
980
178
615
910
465
701
718
891
991
757
396
563
839
488
776
128
460
831
562
718
62
79
618
947
631
478
306
567
20
936
965
459
168
543
454
887
477
221
435
948
241
197
271
277
996
606
324
928
623
285
64
245
117
90
767
356
841
552
57
2
911
534
245
946
235
97
578
292
902
181
755
131
324
537
818
915
469
867
857
814
793
197
787
537
727
12
200
699
920
709
262
689
177
606
189
609
848
613
697
411
707
431
779
757
602
174
834
386
724
328
632
859
7
240
484
64
189
193
198
827
245
118
770
880
116
312
753
260
120
705
149
923
544
13
555
615
136
179
899
240
994
195
937
884
31
569
292
201
107
840
506
682
858
237
925
412
580
902
943
458
187
737
655
361
442
51
493
988
507
935
10
695
339
611
935
700
603
605
307
658
159
621
775
284
342
354
530
119
656
607
66
540
726
539
968
46
691
372
422
892
69
427
72
492
126
832
594
340
666
731
136
10
705
232
122
933
982
426
858
103
239
70
399
747
247
940
28
709
594
324
840
946
958
763
960
751
381
425
270
145
41
295
681
730
674
712
428
210
437
685
325
258
955
552
498
648
540
809
736
163
663
674
667
210
286
437
752
962
98
301
20
639
826
486
690
945
454
932
338
740
676
32
767
41
2
922
383
35
117
998
847
958
664
950
192
457
958
319
435
110
448
348
613
154
93
640
118
434
180
646
564
92
417
667
676
851
297
188
567
137
184
14
490
905
48
903
735
840
278
726
871
36
910
932
84
273
205
434
746
115
379
528
29
181
489
327
512
756
156
570
65
543
902
288
462
811
639
349
316
187
217
60
459
672
689
500
517
542
357
41
377
914
289
808
713
418
823
774
488
560
560
243
85
387
224
910
482
405
509
165
580
160
822
966
562
356
517
568
448
635
356
334
232
480
216
193
194
880
139
19
588
667
8
643
482
5
178
392
339
401
503
953
640
497
100
635
39
910
621
29
925
829
790
391
602
372
115
419
405
799
315
93
5
519
117
22
966
619
718
939
507
522
602
591
539
122
595
822
728
480
2
514
166
620
369
299
55
236
567
623
574
844
682
369
821
354
662
949
293
714
609
899
385
811
466
141
465
878
895
366
38
256
926
383
438
597
640
593
395
253
390
219
604
602
358
933
182
744
147
522
924
237
771
862
12
370
386
928
868
471
943
731
701
494
748
307
233
253
606
414
371
721
754
557
690
472
865
669
962
987
908
778
635
267
334
484
668
610
257
26
876
849
733
93
213
896
361
719
480
361
511
405
585
888
918
375
282
245
536
220
226
696
396
881
604
200
964
492
429
8
172
666
9
881
253
261
444
184
633
536
257
894
15
77
953
426
288
535
698
175
146
989
650
993
962
390
193
801
860
878
757
70
756
629
134
490
631
192
652
356
23
59
170
146
2
1
177
1
23
681
632
824
114
893
548
437
714
784
640
605
66
957
478
891
46
390
188
345
990
626
4
38
41
82
195
946
868
614
827
880
232
370
385
280
448
464
831
327
533
614
888
940
517
343
434
307
996
327
326
820
769
904
477
282
836
495
473
931
907
930
947
398
341
584
690
868
943
157
649
559
352
383
894
185
335
422
803
953
480
692
901
224
704
561
577
410
367
581
596
618
22
703
638
294
497
331
293
927
375
772
781
657
941
116
415
964
542
432
64
382
351
847
414
803
448
452
62
289
222
626
304
9
214
303
198
716
857
385
97
356
362
457
34
170
441
214
234
839
755
76
597
865
83
116
219
857
972
246
872
625
737
990
352
918
556
706
567
1
642
87
48
313
115
298
352
15
973
960
207
231
807
614
153
446
498
3
845
790
158
940
347
998
973
435
878
164
960
966
88
808
303
442
110
783
406
550
992
63
61
976
124
893
951
618
293
536
73
221
112
503
538
131
43
632
726
862
716
827
228
617
60
400
594
669
982
398
760
102
228
693
232
990
682
198
13
837
912
236
240
591
982
967
661
708
372
417
281
599
337
306
975
565
674
532
300
466
260
809
114
783
612
98
588
181
299
100
121
420
655
667
773
749
891
153
471
648
555
103
340
533
8
194
752
304
696
534
391
350
296
209
873
377
540
139
234
131
725
418
928
738
631
757
84
413
95
265
49
893
474
337
226
492
696
308
344
816
816
311
8
372
718
258
647
197
309
475
82
836
148
419
131
507
728
97
245
184
641
422
633
493
768
658
742
341
358
978
971
77
559
535
845
774
317
689
921
276
943
203
211
911
749
796
438
523
215
496
224
189
383
899
262
465
268
334
384
301
987
936
792
924
959
373
119
527
499
808
868
182
476
873
652
886
425
859
900
467
545
177
613
844
258
786
781
536
817
532
429
925
148
578
426
492
445
444
665
244
695
40
13
495
247
436
171
883
802
39
511
196
477
250
778
528
180
593
623
84
547
377
252
647
407
25
285
347
701
739
73
819
405
412
373
785
350
406
128
380
179
638
201
109
613
587
171
219
124
99
927
276
66
388
590
408
456
887
979
686
778
994
115
58
330
664
257
605
664
31
633
202
774
587
856
984
802
570
954
215
172
608
683
571
644
437
760
495
268
35
428
569
947
510
154
490
235
778
377
821
781
744
750
761
780
997
518
423
524
631
906
772
72
652
248
924
488
475
205
384
141
282
969
929
870
86
688
338
893
313
961
382
95
937
766
470
207
812
744
268
173
401
145
152
295
388
81
954
906
383
197
487
591
324
761
293
16
354
127
421
276
595
150
984
158
514
440
575
39
660
597
344
605
113
214
897
492
815
56
341
534
479
183
701
347
876
278
939
888
47
850
161
733
760
325
527
535
983
136
817
923
602
846
495
687
44
400
294
186
19
89
128
282
646
273
402
366
23
459
16
600
484
433
119
120
490
290
588
117
134
778
416
156
281
28
312
232
477
143
164
372
373
516
800
324
713
44
573
295
418
18
689
117
412
92
232
449
254
160
182
396
378
404
672
183
845
841
994
636
26
889
201
816
588
59
836
590
909
947
958
335
682
506
71
309
15
665
287
885
354
735
802
67
23
794
274
910
384
594
215
640
637
860
431
176
935
904
391
167
595
533
63
796
377
776
240
246
423
389
935
335
389
857
432
490
770
268
451
737
714
849
834
835
224
649
506
78
885
292
329
146
462
951
704
178
290
598
697
643
417
792
939
966
398
158
119
933
342
145
572
468
970
263
52
571
930
829
300
214
544
34
476
438
120
39
560
19
344
99
875
422
504
682
115
151
420
601
112
197
644
417
783
750
639
911
47
198
524
427
999
858
944
775
810
889
346
332
424
831
628
425
290
559
550
759
711
894
144
425
732
159
352
674
966
996
98
184
486
278
650
116
378
738
723
891
144
296
72
657
232
336
833
834
288
147
588
52
68
640
619
589
206
456
945
726
813
907
636
367
47
931
967
466
340
832
889
706
640
935
378
348
851
168
50
786
506
670
104
494
500
265
809
61
602
786
626
161
603
899
157
393
913
293
324
363
516
772
400
706
478
943
581
710
429
27
113
320
59
345
282
667
831
988
171
308
252
877
546
435
178
915
858
861
865
466
432
631
365
904
854
631
918
343
63
892
447
48
698
284
973
159
662
787
583
792
20
994
404
823
369
377
392
90
334
147
994
880
242
999
573
378
843
448
735
119
364
912
875
690
574
613
150
776
97
851
413
211
297
589
509
27
974
252
686
338
879
218
769
406
493
847
16
857
660
357
176
213
509
561
54
881
362
657
611
376
484
429
981
454
38
608
979
969
578
729
345
184
595
733
663
107
93
785
821
545
472
360
911
785
100
980
586
6
956
65
307
37
796
801
388
610
514
257
531
407
99
313
893
480
397
624
820
254
708
793
782
642
747
476
893
892
217
70
757
840
691
904
546
545
535
354
159
523
592
927
917
145
415
31
875
361
941
785
211
334
73
488
614
198
42
295
287
875
713
102
766
405
932
586
219
752
366
229
55
330
660
26
490
981
27
183
318
748
707
132
586
518
764
271
141
680
328
960
648
69
668
298
713
364
974
697
224
433
482
932
465
686
215
686
63
203
598
447
166
487
779
78
171
367
224
179
783
172
412
506
222
81
100
258
369
763
942
458
251
983
272
590
369
293
169
112
66
864
355
670
946
167
732
991
24
90
396
403
922
367
63
519
801
2
427
887
514
644
623
45
686
334
397
847
552
170
737
26
83
141
592
120
600
574
131
909
47
149
244
84
597
54
497
434
114
506
588
461
160
737
191
360
815
610
714
857
979
931
399
383
575
492
185
876
550
163
125
857
884
360
549
976
252
603
438
428
665
445
155
357
967
40
893
964
863
617
223
42
662
636
628
11
524
799
649
831
876
562
106
71
659
189
701
26
260
155
612
306
716
857
996
807
762
243
289
156
229
386
336
851
172
56
817
326
650
295
941
769
88
359
825
598
213
854
163
277
106
969
169
424
711
357
193
537
832
914
721
168
839
227
293
413
882
463
778
698
589
721
384
525
71
949
424
186
170
578
186
840
655
913
692
423
788
76
350
450
691
779
158
408
815
201
738
327
310
331
673
196
709
476
559
777
542
22
725
195
837
807
529
138
137
681
676
660
550
186
538
774
505
528
195
718
70
665
327
858
466
123
566
739
299
124
636
270
409
797
595
67
543
126
629
770
850
594
407
460
369
241
249
221
732
974
989
28
562
922
478
508
793
93
927
226
557
484
72
570
287
108
179
420
393
139
60
131
628
801
324
311
402
460
914
125
668
147
599
581
455
121
99
782
999
448
730
74
533
568
514
75
793
545
238
516
72
981
495
18
785
99
250
599
391
167
602
20
85
371
654
180
841
995
595
387
267
656
675
986
800
679
946
443
979
220
43
897
590
136
608
457
67
668
692
894
449
282
827
887
874
344
492
664
25
947
723
785
108
136
981
800
527
628
231
343
291
617
496
178
789
81
778
307
638
562
728
723
238
941
619
973
674
222
311
295
841
953
812
963
128
392
427
485
246
519
66
137
709
326
495
996
317
917
284
123
950
288
596
91
54
650
349
903
775
303
572
973
871
738
417
626
457
153
601
296
632
970
602
486
354
605
268
466
750
41
290
484
324
582
646
881
819
187
166
266
794
632
779
156
423
459
124
260
217
997
583
538
865
20
865
471
620
805
407
146
614
846
48
109
248
236
479
165
412
813
964
309
14
60
558
14
257
718
290
511
195
868
353
164
481
997
357
685
618
292
763
850
406
440
31
68
247
566
532
380
238
789
810
78
342
142
118
708
599
437
432
784
767
673
858
804
36
375
937
405
362
828
140
692
575
534
660
825
936
228
50
506
79
53
937
322
843
26
562
566
651
520
10
598
307
679
207
819
489
815
661
455
408
101
923
298
375
149
389
906
179
156
624
903
943
606
701
364
132
696
568
782
982
102
146
107
753
495
399
99
642
848
160
937
88
292
99
132
836
437
969
102
291
285
663
286
999
196
335
762
283
799
292
387
525
999
431
71
738
524
367
437
869
772
698
838
773
145
952
555
824
675
500
143
69
307
142
357
760
631
666
340
900
28
705
391
851
709
311
150
35
280
542
595
775
789
587
799
885
429
341
241
261
609
671
838
775
55
945
701
283
396
969
432
983
555
208
44
260
201
223
182
214
818
485
345
560
925
77
179
273
332
296
562
987
995
145
234
145
157
560
557
292
134
188
239
204
574
856
822
880
302
887
779
834
132
136
56
243
207
345
324
58
898
237
400
715
416
768
541
393
285
120
627
838
587
389
97
766
9
7
982
534
598
94
731
328
606
837
128
956
187
808
577
769
765
850
112
587
473
958
139
130
613
482
776
95
625
534
234
647
519
650
680
719
53
184
189
615
339
369
376
961
23
671
243
498
832
204
979
473
148
452
478
89
580
880
608
892
869
947
307
855
50
522
15
813
438
41
773
964
144
743
810
939
106
269
527
923
698
824
751
142
908
857
372
623
312
949
387
384
314
412
609
156
869
561
797
830
21
518
319
995
178
220
398
517
281
984
852
125
838
882
814
663
275
548
370
136
249
99
250
808
58
849
801
599
178
950
455
872
397
113
55
488
628
894
299
38
752
816
92
624
658
150
395
619
613
574
641
803
712
302
215
49
562
286
575
513
213
215
782
220
537
298
348
475
327
708
242
34
805
779
555
317
133
845
498
334
849
360
226
557
173
107
621
749
581
250
615
774
140
219
558
603
457
917
238
749
20
308
810
793
816
262
436
920
442
516
888
921
994
25
710
73
245
541
933
318
708
384
678
388
159
493
160
235
897
128
365
197
431
958
26
568
789
516
442
914
280
425
184
469
25
466
526
790
652
886
937
413
542
849
492
12
768
979
587
93
283
88
438
618
742
294
848
190
219
121
46
918
452
694
360
726
54
559
806
74
651
477
174
432
192
371
576
769
868
827
818
776
342
872
50
685
258
601
1
617
722
732
101
703
101
86
582
90
41
88
353
655
291
586
706
209
774
614
620
528
877
605
181
303
955
379
195
541
147
326
931
76
292
74
249
923
787
703
35
218
748
435
376
549
601
112
355
768
483
524
238
684
827
597
785
264
739
478
929
48
1000
871
283
203
970
976
264
45
411
870
763
208
499
1
928
532
187
788
180
49
223
982
55
497
680
111
958
189
247
382
715
460
633
218
96
621
618
877
326
286
358
975
439
288
290
968
837
667
905
633
709
472
180
125
156
376
470
974
244
964
337
425
244
549
77
737
640
414
547
622
503
118
655
319
209
137
270
178
828
514
725
690
384
53
565
591
218
493
341
274
803
712
595
549
473
490
259
650
275
586
248
808
966
303
497
206
369
522
612
857
21
735
349
510
247
599
441
363
253
405
87
921
609
682
99
973
575
841
271
178
767
47
676
185
675
851
613
82
399
559
389
567
832
612
151
838
582
985
174
176
585
712
630
201
876
733
892
600
174
72
181
431
349
895
887
95
243
654
364
237
493
268
903
715
396
319
169
298
126
43
796
502
960
694
621
588
326
906
969
370
848
772
124
543
683
755
553
287
81
241
383
788
534
276
804
748
292
680
201
337
257
883
496
252
477
871
554
338
590
305
797
933
880
338
135
589
402
550
203
44
395
450
343
198
200
249
282
322
900
151
634
596
932
917
564
786
822
178
846
218
443
609
536
277
393
120
581
266
947
378
622
391
682
100
646
910
177
790
939
488
17
960
89
560
686
922
735
99
327
929
171
362
981
307
363
255
474
214
132
697
541
671
931
810
323
829
469
672
751
76
577
692
503
431
294
73
527
154
959
578
149
784
333
249
462
33
939
386
703
587
73
443
493
758
284
492
405
790
30
423
712
975
502
580
2
384
320
597
856
877
55
462
803
422
497
899
95
85
806
570
273
896
789
706
939
75
333
882
676
190
939
64
197
212
995
514
98
497
104
494
951
360
243
745
495
787
942
970
806
266
503
707
500
295
166
17
761
282
371
735
764
71
905
935
310
47
725
179
833
706
555
416
475
826
192
183
234
242
184
70
884
794
326
903
413
304
822
540
553
630
280
299
294
575
515
365
173
358
10
294
154
891
388
276
605
238
679
395
785
192
462
761
718
109
901
240
361
994
515
783
303
617
787
954
198
867
207
984
679
396
738
350
522
166
89
492
543
122
874
748
890
929
892
886
314
853
806
131
266
99
107
521
967
749
328
460
150
462
83
3
733
660
516
214
977
363
898
816
345
628
737
65
247
971
323
798
705
744
569
662
664
418
843
363
859
157
331
642
878
183
121
56
772
378
893
736
309
921
986
568
994
783
184
912
852
523
826
985
231
47
757
970
937
642
262
347
778
767
858
500
915
217
708
182
615
615
423
39
755
251
585
438
186
918
574
270
822
101
927
73
307
387
407
733
873
576
398
289
259
594
512
403
783
810
323
316
285
53
649
763
478
333
515
904
183
148
924
401
723
765
634
203
231
88
877
605
30
574
624
809
271
140
722
43
949
854
664
765
411
937
235
888
974
173
818
2
41
890
840
135
499
933
83
315
445
238
687
295
958
436
787
21
1000
188
649
965
668
623
898
836
583
284
839
760
762
100
144
155
74
476
94
418
478
896
625
319
748
333
602
808
423
2
43
409
585
807
381
869
18
872
226
442
463
230
599
161
761
947
327
936
877
714
168
187
227
600
41
866
935
629
656
144
294
35
32
302
29
302
394
873
892
285
813
76
827
604
433
775
712
334
38
741
447
471
496
917
867
786
767
517
878
23
291
785
167
344
672
921
747
406
185
132
71
569
272
518
472
518
272
55
677
467
879
331
532
965
142
823
520
353
823
557
810
186
36
20
634
389
676
477
492
83
541
34
884
930
604
106
500
451
482
716
813
387
981
933
980
764
679
280
23
424
115
9
67
191
216
304
456
436
759
177
313
881
72
10
592
867
439
102
604
899
190
320
585
709
519
283
965
670
549
536
865
63
414
549
878
377
483
296
471
573
595
318
870
138
970
550
252
957
419
183
350
871
860
303
756
150
297
320
165
235
786
537
870
554
255
882
868
401
705
1000
876
742
114
696
776
656
160
238
113
623
887
135
398
643
239
622
664
887
623
30
946
856
238
743
265
84
792
428
669
57
875
454
790
837
469
716
272
901
532
438
417
898
107
516
110
721
111
468
540
816
886
664
543
351
849
716
259
392
964
115
949
946
27
874
625
467
994
596
453
872
755
315
423
365
916
250
497
877
384
987
446
6
136
797
839
999
190
115
907
52
114
976
456
681
883
540
931
398
914
655
627
802
463
833
817
640
438
984
728
129
19
582
441
534
286
544
535
655
699
879
74
128
126
488
725
137
490
646
282
159
381
98
400
256
824
869
625
991
847
793
9
629
912
562
695
265
562
659
753
941
823
917
771
2
535
637
639
927
409
133
267
611
382
815
791
440
263
177
261
534
507
225
468
629
354
114
241
4
192
56
235
287
185
78
661
993
497
96
532
44
748
198
696
203
227
797
552
301
229
988
70
538
1
985
170
717
36
169
829
193
51
51
607
602
659
124
452
345
794
473
188
302
811
1
628
922
438
497
150
626
858
889
583
798
211
110
890
764
111
513
78
917
759
484
728
904
70
87
19
458
419
741
30
583
283
494
829
192
823
548
23
324
815
146
352
833
618
618
987
582
495
907
296
374
551
428
581
853
345
781
548
993
108
3
934
482
87
132
852
922
18
909
797
33
569
435
821
106
963
193
492
240
794
538
34
877
898
769
471
318
664
227
849
417
168
962
239
758
606
525
122
747
928
410
658
898
295
950
946
468
987
987
358
800
606
400
583
212
878
830
650
905
380
116
652
373
755
4
110
173
568
622
525
84
956
1000
508
732
700
738
806
217
684
154
259
370
146
246
531
439
770
515
741
86
392
547
322
264
655
750
438
887
115
532
689
700
201
460
97
84
53
823
266
316
361
510
362
233
332
309
375
293
957
6
821
323
176
329
10
651
223
729
464
15
813
601
861
548
175
349
926
778
518
84
729
846
34
964
349
283
920
90
475
16
845
255
870
976
905
76
821
572
866
229
422
687
290
571
553
678
403
660
185
340
895
566
914
905
424
280
44
211
61
873
946
131
427
640
69
94
984
917
42
409
353
610
582
95
944
668
397
543
163
986
332
875
75
207
62
517
438
281
880
712
416
610
696
462
588
852
69
726
432
141
327
756
181
545
674
161
607
21
791
113
772
277
238
83
524
577
769
250
895
415
515
798
417
404
656
340
203
83
805
972
229
464
232
706
894
274
241
50
779
653
56
132
203
600
141
19
217
284
726
647
816
242
499
165
274
945
165
847
91
419
934
351
676
434
453
534
719
312
670
53
864
383
336
399
712
538
732
791
679
317
181
315
684
758
225
522
638
655
619
389
527
625
213
985
933
476
979
48
888
613
48
840
979
712
406
558
189
292
644
256
470
699
372
91
70
61
809
262
720
637
755
424
438
69
956
643
244
112
269
694
278
806
680
948
74
29
68
273
548
267
240
603
80
785
166
89
669
554
328
2
230
235
292
847
181
746
889
592
723
784
659
934
927
677
214
230
5
994
897
623
309
266
956
393
64
435
597
146
470
556
723
226
107
801
512
946
435
237
946
719
950
913
952
644
90
535
57
246
501
881
226
687
944
660
550
664
611
389
15
474
47
253
986
422
334
317
2
386
862
220
640
167
684
729
143
652
526
900
189
468
445
695
872
92
900
617
424
633
256
132
914
905
628
306
564
1
136
11
507
450
788
48
992
844
228
668
335
883
230
254
479
675
999
846
559
45
672
33
229
806
176
782
931
996
927
337
992
680
837
637
42
466
16
591
450
628
549
104
314
282
82
494
266
754
918
428
825
519
492
734
768
439
65
230
151
343
844
529
234
112
487
305
551
965
197
434
216
587
828
758
639
606
434
250
779
721
220
461
907
889
688
422
181
972
234
328
353
899
791
920
44
469
678
350
120
269
872
610
240
789
81
807
823
773
652
778
657
251
98
34
611
647
672
590
89
16
396
858
667
910
239
26
374
461
326
624
544
681
12
480
903
582
826
890
338
377
430
333
350
693
695
894
700
488
172
333
857
501
4
348
114
262
81
10
86
789
512
78
757
915
239
689
169
51
829
944
630
803
196
507
113
56
991
197
421
356
777
264
98
193
562
650
444
415
403
469
965
715
45
626
245
869
339
61
586
843
198
124
324
178
54
480
55
295
462
632
718
400
750
602
346
917
493
313
476
635
644
368
396
360
788
767
971
985
277
247
848
439
983
389
732
13
200
901
861
620
399
311
142
887
273
640
276
595
763
429
499
53
868
871
388
574
877
18
251
482
873
455
71
123
547
320
739
606
438
307
916
934
138
40
766
241
989
213
679
676
484
301
979
682
525
979
761
924
618
183
683
252
539
717
393
114
711
456
425
262
706
174
433
318
521
795
177
191
391
818
639
526
4
385
865
253
227
693
273
656
827
356
770
702
737
895
908
737
94
248
404
530
267
535
364
455
228
544
414
403
546
712
369
15
597
379
627
227
974
951
657
228
1000
12
873
586
328
284
896
880
94
631
610
518
442
269
335
941
94
474
138
673
733
714
438
612
836
551
676
393
538
116
219
309
663
689
179
924
942
552
778
402
288
402
553
461
216
532
934
421
395
436
286
801
178
974
20
339
160
997
557
818
402
254
150
530
146
318
148
304
286
467
570
294
110
38
439
757
32
325
197
775
376
281
8
418
401
444
950
621
349
385
229
445
457
325
390
165
17
106
675
942
352
592
522
349
512
401
872
297
557
983
981
30
533
322
580
58
424
754
78
542
634
497
586
131
144
159
324
524
575
568
41
760
596
102
128
447
954
808
880
94
19
859
424
700
934
505
654
157
49
982
236
999
150
653
213
333
667
447
320
911
620
43
853
168
686
177
334
857
630
691
536
831
786
883
564
393
429
1
759
119
441
820
775
730
253
281
914
794
518
165
148
229
377
959
200
1000
985
410
511
359
886
760
181
776
326
829
241
29
431
240
678
828
509
738
118
58
821
904
853
390
506
269
366
907
502
864
13
645
997
314
130
497
425
743
951
867
904
43
610
271
5
603
572
943
343
367
762
573
788
776
553
325
545
961
447
501
157
405
179
475
743
959
374
790
875
23
423
292
357
965
958
830
850
170
882
854
511
45
202
878
877
755
39
747
820
459
69
29
588
193
267
621
881
260
105
44
929
348
148
95
253
917
845
4
652
978
66
884
32
462
229
208
632
440
303
948
985
272
348
912
696
278
261
599
689
10
717
721
92
159
322
404
319
982
456
828
922
514
165
430
572
120
993
888
586
1
336
458
477
140
413
799
639
545
94
1
178
173
405
82
159
184
594
833
96
28
276
623
508
163
553
377
187
630
932
724
451
848
608
30
630
148
65
849
777
937
869
376
96
157
715
777
319
12
20
842
811
598
660
265
988
278
183
943
675
331
769
873
205
62
1
545
597
149
189
570
667
77
10
504
887
192
560
273
978
550
438
766
140
200
925
103
972
674
726
123
162
211
525
659
631
185
759
87
295
649
307
492
663
26
16
613
327
151
863
420
44
802
301
655
828
699
791
764
875
990
450
566
988
943
420
272
181
720
962
914
564
286
281
428
41
211
212
327
720
920
118
922
357
520
242
34
131
679
871
993
103
26
75
377
607
854
843
513
42
244
935
482
561
151
653
841
329
437
374
615
611
62
564
762
608
117
896
284
830
507
622
377
348
959
253
900
850
572
730
29
576
591
23
487
188
356
936
340
237
297
870
519
644
862
572
799
280
502
563
58
612
55
602
300
240
673
800
958
153
936
728
225
698
123
323
405
398
459
924
546
103
637
127
428
199
688
561
272
39
54
709
68
298
559
183
617
78
261
917
73
806
269
195
319
697
24
903
840
234
918
135
22
545
506
133
522
718
519
461
437
226
779
821
930
35
579
201
429
24
292
591
51
484
951
692
758
786
566
467
120
32
790
343
606
259
30
827
146
489
386
350
167
496
574
321
821
784
468
48
540
161
550
76
986
531
207
851
351
308
184
603
541
195
429
100
157
591
88
153
131
176
191
820
771
730
247
158
586
455
655
634
144
506
392
354
764
878
659
762
983
860
334
740
381
254
427
223
89
260
203
728
150
934
913
91
601
41
702
749
183
931
972
184
836
738
902
929
805
185
73
726
503
678
10
65
616
509
819
263
952
737
388
859
37
998
304
128
225
691
431
940
274
565
586
156
163
99
530
856
485
951
36
345
832
500
193
811
363
785
12
388
186
496
680
981
261
848
174
46
727
332
359
845
39
687
261
576
965
126
530
987
255
357
33
652
977
220
64
709
746
230
898
768
283
182
531
954
162
578
95
76
206
366
925
991
133
830
227
252
665
964
494
506
462
708
401
999
942
376
191
496
36
192
537
274
440
76
650
282
822
194
378
179
591
400
301
614
831
470
29
285
848
22
324
486
508
501
813
558
754
385
668
600
432
888
936
442
973
482
663
96
752
762
181
917
257
744
26
505
445
151
426
618
502
405
142
857
273
34
532
937
202
719
547
918
837
224
10
315
909
205
388
660
711
70
508
459
669
748
627
331
596
558
214
612
376
112
319
531
644
316
18
792
783
2
33
377
549
545
266
510
426
949
97
841
600
878
903
64
362
364
339
674
114
728
170
417
851
618
301
895
194
212
17
987
364
424
577
655
940
200
513
285
531
480
886
171
596
897
861
103
522
900
512
441
354
399
573
82
568
723
795
420
406
392
711
63
479
399
600
567
501
212
784
894
85
724
676
770
502
925
791
473
46
655
412
340
462
876
703
769
479
562
822
31
527
618
828
65
743
384
950
27
440
495
433
962
348
248
251
449
314
474
96
477
289
762
621
584
901
255
317
863
110
399
36
888
855
53
610
476
592
457
221
243
921
853
713
419
752
340
598
307
63
227
758
993
948
845
323
755
826
344
97
803
163
866
358
637
96
503
658
215
370
87
1000
560
702
267
241
763
485
830
274
321
321
216
617
383
352
332
725
223
650
296
669
110
571
576
737
416
55
549
202
420
417
605
944
317
816
106
66
154
667
941
625
133
467
115
478
630
93
332
400
234
437
618
370
121
15
584
553
416
157
88
387
627
348
835
646
576
817
752
721
992
586
193
135
823
169
408
651
893
51
493
655
916
583
225
27
183
483
407
178
547
672
224
945
63
362
113
853
570
283
930
370
841
743
692
568
543
258
849
735
133
867
111
995
685
375
204
417
335
706
810
25
526
177
620
865
909
400
299
354
870
749
146
693
95
973
361
402
190
979
165
576
423
259
449
747
534
818
241
987
457
962
847
160
656
835
633
288
261
404
211
448
254
996
759
162
477
486
607
782
662
236
517
542
632
235
509
623
578
754
324
777
311
924
563
511
516
242
110
122
338
341
692
70
369
151
278
915
278
628
919
912
132
497
734
570
879
327
664
839
149
297
717
662
516
309
486
904
363
250
477
528
342
874
816
441
263
941
363
258
242
308
13
743
155
729
525
180
144
650
307
375
8
659
105
386
33
799
186
87
796
695
859
350
502
293
992
807
229
356
948
264
114
773
217
207
201
26
850
335
958
689
253
157
483
531
405
806
962
301
525
937
538
843
195
247
388
604
843
100
539
955
282
958
967
394
623
227
448
121
30
792
980
216
42
724
547
261
257
460
661
740
486
746
635
999
484
508
760
339
864
916
132
375
84
501
746
621
143
249
130
587
831
625
279
732
774
465
249
742
536
532
321
851
276
713
779
529
261
138
252
601
216
465
25
565
671
462
632
126
82
615
290
64
965
292
166
476
913
263
445
705
378
28
488
755
729
359
615
707
179
600
578
303
780
371
330
614
586
95
781
920
206
693
631
175
484
756
596
747
378
28
634
936
630
38
972
200
957
653
189
345
474
391
606
598
673
210
511
351
88
17
63
458
178
180
31
31
41
416
497
205
343
705
446
848
632
315
753
772
381
730
242
422
854
539
177
733
680
272
236
471
141
237
254
306
482
942
252
452
324
687
776
420
876
443
685
796
353
216
718
477
777
562
382
413
240
286
315
107
969
180
775
774
241
308
375
229
680
149
244
263
771
638
359
363
62
326
668
634
150
824
434
385
219
841
718
293
949
667
762
401
530
90
596
288
25
247
228
307
195
536
738
674
649
335
469
984
7
928
243
689
986
683
332
933
278
112
110
875
133
165
937
997
950
35
879
222
676
533
802
662
76
420
337
898
311
178
592
895
606
568
112
270
573
881
3
348
48
926
620
378
63
791
696
434
672
2
210
125
695
551
688
333
636
982
295
16
903
214
97
625
711
21
444
758
758
602
258
970
714
828
322
95
171
116
799
283
871
69
677
742
488
354
206
614
953
848
760
565
549
895
502
230
118
117
880
201
11
680
838
69
479
67
988
148
462
689
45
305
492
63
890
330
181
157
886
612
210
2
823
546
165
56
569
324
459
636
604
501
591
614
136
353
738
386
763
788
5
2
719
300
730
298
395
737
3
636
881
260
261
732
334
819
295
384
110
629
849
143
835
706
571
607
432
155
876
737
602
65
906
909
620
473
518
580
418
567
326
339
439
730
403
77
159
542
931
842
426
158
288
436
688
456
423
313
480
103
60
67
133
487
222
210
463
269
299
952
491
997
164
342
471
841
376
763
536
707
759
932
248
221
768
707
793
414
33
177
735
374
877
49
426
84
638
449
776
536
545
542
988
273
1000
838
199
668
911
251
471
755
582
467
723
462
636
134
400
435
701
386
278
260
78
307
329
389
194
465
513
598
719
977
35
341
888
994
69
728
888
397
316
899
492
709
907
880
115
758
411
630
742
362
41
626
874
319
372
852
474
74
75
837
196
938
824
880
855
52
937
118
191
512
869
83
391
402
874
605
569
340
297
240
57
727
20
611
516
800
151
892
884
758
794
369
762
845
997
558
759
981
768
575
304
303
119
75
263
9
438
221
986
772
42
989
784
980
666
63
760
310
554
875
805
701
74
938
963
890
758
110
59
568
900
623
500
949
305
323
632
235
557
911
688
638
63
279
328
697
116
947
341
698
576
144
501
229
249
90
438
934
441
893
848
223
493
219
964
501
67
25
287
780
152
205
91
3
288
30
1000
907
573
427
950
993
76
677
485
802
212
417
658
846
678
921
85
640
578
586
640
177
699
71
725
150
842
702
396
52
222
14
506
845
6
814
967
661
718
419
418
475
750
133
817
128
979
167
34
133
909
7
337
180
34
779
438
471
132
874
988
109
496
276
461
872
448
938
651
462
214
615
7
958
278
633
492
694
245
438
703
121
560
18
835
635
648
848
33
32
884
123
745
331
217
116
662
559
471
331
86
358
264
360
196
965
309
664
9
68
485
502
726
863
195
714
84
400
968
290
568
988
228
418
514
712
156
617
735
51
994
446
624
957
168
21
538
199
278
920
930
544
242
876
315
80
236
95
726
672
319
120
322
50
102
631
648
896
875
619
904
520
961
709
229
143
330
46
390
363
926
634
348
491
967
442
481
180
193
301
847
704
470
674
131
474
33
233
476
449
93
926
39
84
265
476
328
74
380
841
112
290
197
715
614
30
222
529
358
514
967
362
250
696
691
892
134
521
575
403
22
183
749
330
602
766
95
332
603
518
768
57
497
467
199
985
262
519
411
410
884
581
578
894
47
349
538
229
40
357
123
875
788
457
960
342
446
505
688
103
609
94
769
439
396
665
154
511
655
884
198
144
683
886
263
316
340
606
222
513
264
747
62
488
752
826
901
71
237
773
288
912
115
366
182
13
346
671
743
707
649
92
241
410
871
442
384
705
413
416
417
789
277
299
367
586
115
993
157
527
272
580
207
961
489
998
689
460
241
653
552
825
121
645
494
651
766
360
425
295
53
52
300
170
756
445
792
912
357
740
602
464
73
826
120
123
843
777
590
473
77
42
156
430
393
972
424
354
672
855
994
996
646
503
969
878
304
712
989
622
261
319
105
278
527
426
829
283
299
444
824
241
417
966
421
454
414
553
881
28
543
138
823
126
157
353
268
381
743
817
88
95
439
494
545
156
968
455
923
224
778
461
875
32
23
867
845
184
366
328
601
589
736
37
555
248
511
684
554
422
192
370
673
467
731
364
290
449
93
728
537
978
516
354
439
165
602
282
27
828
948
19
374
24
738
241
320
453
450
27
431
125
106
229
30
699
406
692
35
538
202
956
386
478
916
856
740
483
782
321
905
857
764
770
640
393
441
303
579
771
778
593
599
18
452
962
656
361
450
565
59
766
594
459
871
999
816
504
734
906
380
6
843
442
879
604
680
513
501
842
476
861
248
529
656
402
49
390
366
352
345
512
843
678
641
921
306
545
467
258
752
933
964
573
506
993
569
478
297
878
404
395
274
66
951
499
944
919
208
192
11
918
190
167
845
918
608
595
463
950
851
91
428
819
498
605
319
74
618
641
780
590
209
975
735
192
112
316
933
770
649
835
827
983
742
844
95
507
497
948
965
462
990
355
27
259
578
862
98
202
310
232
440
144
683
18
74
291
592
820
528
155
325
779
725
476
218
156
628
400
964
158
887
248
236
500
996
202
386
347
31
53
993
570
428
546
116
189
367
655
988
82
405
781
169
985
943
612
344
498
803
674
31
171
619
602
174
598
923
14
734
287
396
629
808
307
331
705
536
365
946
659
949
507
207
200
910
335
979
133
917
321
91
310
820
919
890
889
810
959
407
128
8
503
216
942
320
456
31
58
66
448
125
511
51
895
778
458
208
143
974
371
811
443
304
735
824
549
373
639
684
365
781
915
975
405
800
823
678
323
245
158
408
940
465
48
158
429
308
627
631
635
190
424
53
907
882
701
490
566
56
978
711
116
848
57
16
266
492
527
164
839
604
575
472
277
968
485
832
395
3
633
454
317
349
185
404
283
500
882
879
562
795
338
211
166
934
282
333
914
981
15
583
469
509
588
869
172
8
10
668
440
890
812
114
359
503
498
296
599
669
205
661
90
723
173
250
147
795
448
341
543
550
575
563
976
48
325
837
351
468
832
818
732
253
816
53
768
799
901
739
444
620
701
646
785
309
111
155
494
299
594
325
60
721
832
572
331
935
32
910
586
410
650
915
72
480
550
659
299
561
154
689
189
938
552
353
273
862
639
360
11
157
115
517
470
234
223
172
497
381
7
365
661
280
956
960
507
999
659
796
719
147
251
45
745
776
360
561
494
458
45
974
391
60
472
388
241
763
419
491
235
97
791
251
918
198
722
51
299
271
828
920
52
335
929
699
708
74
280
426
70
638
185
579
255
471
848
884
994
801
411
927
955
450
193
188
478
673
116
145
93
549
152
274
908
293
544
280
745
902
867
669
656
793
640
940
927
152
888
101
305
540
382
836
775
690
15
840
626
130
237
446
35
705
591
504
910
368
127
142
847
419
499
924
575
86
687
926
437
687
44
355
739
537
856
209
225
55
422
222
656
555
198
429
570
586
569
710
119
179
726
342
392
510
723
132
974
310
788
876
61
951
751
542
951
528
565
849
975
626
909
323
508
491
747
32
341
341
512
361
180
528
614
853
955
442
774
177
912
275
284
747
113
259
682
940
546
893
890
252
279
757
887
286
516
116
254
857
992
277
921
945
246
577
931
948
859
947
223
887
194
81
151
55
210
769
944
773
37
967
798
302
930
40
874
127
947
474
883
717
378
512
28
216
804
690
943
223
238
824
280
871
518
458
210
700
484
414
132
178
26
349
424
294
405
710
262
506
331
477
554
706
813
261
786
135
765
564
35
217
351
27
458
300
530
267
257
835
500
701
788
750
429
371
228
977
920
767
894
220
329
983
665
886
353
637
323
667
644
787
561
206
823
785
126
352
847
280
63
184
483
416
248
778
340
602
789
556
11
19
677
863
689
797
297
529
669
542
122
511
944
911
497
906
82
895
923
552
665
3
148
979
890
786
380
262
126
862
530
236
515
714
623
115
67
209
684
372
369
590
73
428
548
806
476
900
648
302
259
615
923
4
636
739
804
874
739
767
309
950
424
381
897
504
149
184
538
780
714
440
388
924
268
502
323
375
487
108
711
502
413
253
923
392
351
726
336
734
532
774
85
324
8
309
568
759
224
738
144
773
37
177
812
421
147
511
233
258
540
630
449
883
159
837
742
582
180
640
931
733
841
999
163
152
234
936
513
633
121
211
700
816
674
203
342
962
219
879
37
441
930
937
38
207
722
918
429
317
833
263
599
204
917
557
369
60
944
556
872
451
672
485
892
359
872
917
577
143
304
90
530
786
618
382
942
851
41
353
60
130
924
480
796
553
69
198
313
993
253
180
349
497
658
42
376
476
678
903
659
145
504
655
535
884
164
163
139
193
177
243
687
353
658
618
653
465
479
34
839
530
384
622
620
176
832
661
760
769
47
842
204
954
512
885
267
460
243
209
654
597
180
865
899
235
23
656
644
516
814
860
995
993
972
466
373
247
618
171
354
81
852
620
521
211
699
798
74
437
837
370
193
847
813
258
185
873
650
442
164
419
245
160
956
85
883
9
579
892
111
381
962
452
375
810
992
141
542
449
401
353
110
63
469
442
924
195
129
323
815
524
859
470
293
470
129
709
414
793
234
188
375
11
534
901
795
691
348
305
744
169
807
177
104
900
177
351
697
186
41
248
74
933
860
932
108
677
171
735
72
677
703
596
45
73
773
888
692
178
806
892
725
924
406
508
747
713
965
870
78
99
626
823
708
494
371
394
725
693
874
548
298
858
75
222
627
141
763
786
410
85
423
847
404
490
779
513
384
762
173
492
92
483
973
755
301
663
667
779
456
552
409
627
258
361
158
944
973
869
590
501
775
555
115
78
970
314
46
286
678
896
465
665
4
967
184
143
52
828
874
362
624
655
180
592
783
639
492
72
630
310
27
536
852
136
44
963
289
777
46
907
620
84
517
526
308
19
674
494
19
100
80
879
269
935
101
354
148
679
558
900
537
237
497
171
75
677
937
59
2
905
389
339
122
444
598
839
522
234
418
855
265
38
323
947
38
677
520
832
225
164
76
619
970
91
550
76
863
454
472
889
10
472
452
879
828
163
703
627
253
862
145
28
942
841
715
93
732
582
437
627
52
36
729
419
211
1
216
501
983
89
20
152
112
457
473
652
450
418
857
320
221
259
523
31
974
997
174
238
36
247
462
27
323
505
155
771
436
771
602
223
625
298
456
197
739
847
374
770
760
324
739
397
35
64
854
747
860
163
952
846
980
635
204
683
714
493
98
98
218
259
787
420
365
759
41
936
44
582
60
94
451
962
825
303
681
618
782
213
962
123
970
516
506
920
674
69
746
701
525
422
109
236
410
366
457
251
47
703
614
540
574
400
978
202
234
526
106
99
233
68
726
280
532
203
455
473
693
586
691
79
630
545
852
1
658
49
215
753
932
205
177
862
493
992
215
60
414
813
618
90
101
718
497
698
261
18
98
848
387
447
375
879
207
64
640
66
457
793
739
328
480
176
802
109
153
488
341
308
24
395
137
251
748
602
739
183
446
379
474
115
538
716
249
970
489
555
527
443
620
479
808
963
795
224
414
974
98
771
316
314
36
990
65
915
535
803
476
911
136
157
829
606
691
665
276
210
920
493
570
997
638
800
198
309
17
775
195
686
204
661
322
854
351
450
764
265
181
657
607
746
884
887
726
354
133
132
845
182
12
659
461
479
482
608
25
631
246
8
512
101
883
980
65
953
74
21
103
451
212
147
863
513
505
124
5
22
577
86
104
166
619
512
181
521
866
121
390
481
17
64
112
211
235
624
470
213
298
58
848
98
954
277
395
303
758
941
256
463
342
706
514
791
588
471
343
827
519
859
229
713
13
231
613
714
497
62
973
754
907
74
663
650
674
451
877
592
982
160
268
542
862
211
764
295
872
454
344
140
117
189
460
229
915
338
434
786
171
171
599
689
559
50
335
285
531
748
364
457
428
801
943
850
836
657
943
263
553
658
302
947
410
191
294
17
144
609
746
86
121
933
278
279
194
975
127
640
974
503
427
479
823
930
527
597
829
269
84
244
968
272
621
354
346
346
908
723
614
767
521
929
926
747
790
554
2
426
766
829
853
522
394
210
679
827
336
498
332
230
489
601
674
734
523
957
835
301
102
753
976
408
433
287
498
903
418
812
341
311
649
438
478
3
596
954
125
128
104
610
46
888
456
872
148
200
29
262
730
867
465
867
929
725
580
350
232
324
521
229
207
447
436
991
111
273
99
791
304
435
119
414
88
545
417
647
415